6.5778960564
1.5393071490
4.3707126564
3.6695325734
2.3650352685
2.8394679709
1.3411604400
9.3106822560
6.3826766975
9.5128884762
7.6533007241
3.9582086668
3.5031379898
6.7924186444
7.8444449407
5.6878557364
9.7981075401
6.8324178257
3.5960959401
1.2132399906
8.6224136099
3.9814324534
3.1802408535
5.8538057691
9.1596885194
6.9850541718
3.2350424469
7.1861485486
7.4755199775
6.4725687791
4.4333732850
3.8947329197
4.9812480112
1.0543839379
8.8288006591
1.6298642798
2.7321890255
6.7093026335
2.2737880978
2.8379801149
1.8258345318
6.3336758609
8.4809879076
9.3863142121
3.1267911536
1.7034806224
7.5249019429
3.8031667283
7.4950638918
3.2043246241
2.5879195441
3.2407248745
3.5681760102
5.0344407313
6.7204339490
3.4467470628
8.0316003288
1.7201437470
9.7529968041
4.5842002585
2.5098943430
4.9723846376
5.5476329884
7.6143529408
7.8429201797
8.3764342709
8.1420274104
1.1782996942
4.4327738050
8.6863798927
7.8297249016
9.2937924914
6.3566502544
2.3751883803
7.5398341163
3.3156254994
5.1728611123
5.0824279528
4.3763219644
6.4542282099
1.6474568471
2.2299071434
5.2233263311
2.3925201017
2.7066323313
1.1155084502
5.5062982781
7.5281083835
5.4230834591
9.3312196414
9.4625648674
9.7344337305
4.3583040793
5.4059600291
6.7694384969
6.2947810489
4.6790882644
1.3494420792
9.2944292361
4.4634341031
16.7752139464
2.7865306463
10.0202235743
7.0890050081
7.6688693245
8.1275365854
3.2706307987
22.3162240695
17.8401233156
26.7403253303
20.8185023078
12.9408400763
10.1208549602
12.9473024287
11.7039138160
17.3105856249
26.2632471600
18.9329530867
10.1157529834
3.2867825794
16.7615780519
9.2798673364
8.8420060439
11.2973857151
24.0263109574
23.1882728830
10.0286195331
10.4042875377
22.1233164539
17.5227313759
14.4092075871
8.6292077370
12.9073619982
3.3935473882
21.6874908204
2.9329087422
6.1910772611
20.6415143202
4.3818136090
5.7481215240
6.1190837234
17.3245167336
18.5391342471
19.1190080576
7.0146112265
5.3991906244
21.6199320241
6.0863080888
20.1681441256
9.5195047654
5.4591097928
5.5338773730
10.4016499823
16.4945292298
14.8939195143
7.0215224124
27.2265620697
5.2463191976
13.9115568840
7.1623750663
7.0545126883
12.2780611713
15.1306248624
21.9587142188
13.8289353195
18.1747704668
23.0100570064
2.1419205916
7.9162847418
28.7791325186
18.1743730358
28.3080359824
11.3983237339
3.6596110340
13.4762328275
9.7343721588
10.0354100616
16.3707940782
9.7932351908
17.2472521391
4.3944708832
7.0319858079
9.1630486314
4.8025220478
5.8893114999
2.2027969769
11.5907236355
19.4990516751
12.8823800125
25.7899264165
15.3682344175
15.0387264156
12.7316138415
7.7718349203
17.4907949671
21.3463085067
7.5623600815
3.3250452472
13.3627150900
11.7152369211
43.8480357523
5.1701527627
23.5452649623
14.0365647487
25.4874312781
23.8441533455
8.1749164680
54.8227649475
51.1085866947
77.0410125779
58.0431804702
43.3637936567
29.9694085215
25.2950273838
17.8978566493
53.9977871365
72.1532094874
53.7728821467
29.1652817296
9.1263317161
33.3965780796
22.1689537502
25.1966391765
22.3469686235
64.5943445675
78.8983717686
31.8642236309
15.4393678927
67.1058019670
48.6214545141
48.0006270126
19.5958984942
34.2797644950
11.1946383779
54.6031779308
5.4093698051
14.3788025235
65.0888716288
8.6548356452
11.9328326083
21.0190163690
48.5699255948
41.5368414536
39.9150463826
16.1290709204
17.5396587071
63.6661836178
9.9830561606
55.6234019924
28.9863290652
11.8030406129
9.6854078629
31.0784403805
55.3897788884
33.8315349523
14.6606819719
94.5985625416
16.4000697120
20.3382885259
11.4696866209
20.3226160544
31.0739085812
42.2967520977
64.9055484530
24.9919826000
40.4184540873
66.6505662275
3.9907266497
14.4899957286
97.7276809336
43.2387755118
88.3746121134
20.9485839897
5.7792676885
24.6874500564
29.2921625184
19.9544812616
54.0467115606
22.4617773367
47.2385460203
12.0143463895
22.7284702616
16.4753192043
9.8806190093
13.1341145758
4.4583801172
25.0070453806
51.7657048180
31.3651189041
73.0571637867
25.5823300235
23.8129082538
38.1197814317
11.4518412355
46.3198842095
74.1935153911
12.5272135665
8.3973428444
19.6909970242
31.5162138466
117.7624971276
9.8563862594
56.8466059382
28.5569072592
87.0353310662
71.8752994142
20.9947115866
138.3808342324
150.4404690308
228.0615467164
166.2752876136
149.3024229783
91.1830111784
50.7768555457
28.1219688697
173.0672736177
203.6749764358
156.9217194160
86.3990413567
26.0373218409
68.3697235179
54.4155990562
73.7749992520
45.4186341066
178.4336197293
275.8306142167
104.0256205245
23.5408138506
209.1436570834
138.6209521738
164.2965751255
45.7229481961
93.5433580841
37.9438161698
141.2541832918
10.2510790490
34.3126296077
210.8854991296
17.5646110760
25.4528221743
74.1844991640
139.9099286504
95.6207786605
85.6214755466
38.1056947975
58.5448103560
192.6362868234
16.8247214826
157.6245813037
90.6873827729
26.2204874845
17.4173101129
95.4093604510
191.1147143757
78.9603727305
31.4522592634
337.7155484713
52.6758394532
30.5511709194
18.8721262061
60.1543437586
80.8047260578
121.4876030417
197.1203806385
46.4074239789
92.3560287604
198.3648780381
7.6396838026
27.2514675856
340.9826447160
105.6968690641
283.4784764057
39.5588032549
9.3774656305
46.4685103809
90.5669436110
40.7681072781
183.3342436957
52.9342590828
132.9376259612
33.7495894732
75.4809252490
30.4370439518
20.8868874844
30.0962137654
9.2715960616
55.4356317617
141.2035321227
78.4643819168
212.6426132154
43.7553342406
38.7425860522
117.2714064160
17.3381141247
126.0376128001
264.9621895244
21.3219243443
21.7901890244
29.8136735591
87.1147689226
300.3264434250
17.8427486494
130.3272410802
55.1685046791
282.2245617204
205.7345027945
51.1995573145
331.6810484589
420.4992153540
641.0794450938
452.3076339308
488.1307265432
263.4385892865
96.7890340425
41.9585165051
526.7246528725
545.9456366346
434.8430221310
243.0420252054
70.5384766449
132.9093032222
126.8327286155
205.1188224072
87.6555104844
468.0460445962
915.6860459968
322.4831241994
34.0834174914
618.9549329831
375.2835364154
533.9982258190
101.3054882800
242.3917237223
122.1241769713
346.9879723953
18.4468491505
77.7526122793
648.8082997172
33.8491645819
51.5534865678
248.6243458275
382.7007698530
209.0262295960
174.4048192300
85.4870088718
185.5604309279
553.4738201000
26.9253871617
424.1505636329
269.4202423105
55.3117406387
29.7422595123
278.1329594259
626.1643295938
174.9952985077
64.0736146222
1144.8465474509
160.6596958239
43.5783737695
29.4862685157
169.0768227630
199.5296058392
331.3497222841
568.4744340205
81.8283733125
200.3920581167
560.6030028173
13.8876412978
48.6677465134
1129.7351996544
245.3468932525
863.4602772309
70.9351221433
14.4486694323
83.0559922262
265.8996050411
79.0915997234
590.5376775173
118.4566000598
355.2458551998
90.0257076197
238.0312227322
53.3950268208
41.9269243452
65.4866280734
18.3088731274
116.6931394636
365.7452488503
186.3922632057
587.7159771961
71.0643221707
59.8541789513
342.5812338222
24.9263161988
325.6586187262
898.5278912729
34.4610113191
53.6920287818
42.8640281097
228.6542316150
786.5649870518
33.1711303694
306.8459065302
109.4525098671
939.8282592073
604.7683662808
128.2262582986
816.4316667680
1207.0358557422
1850.6577481906
1263.5563023226
1638.9281216246
781.6265891319
189.4702285133
64.2908247254
1646.2917793570
1502.8498574031
1237.4749696012
702.1150745981
196.2502921592
265.3391962884
303.5943796876
585.6744601003
173.7316113812
1260.8253835183
3121.8008620696
1026.6635434785
50.6779765255
1881.1690713982
1043.3850694481
1782.4017028151
230.5081010974
645.0258032879
403.6609730556
875.3505206157
34.0901789274
180.9382753559
2049.9371514945
66.9902875030
107.2345197669
855.7139428993
1075.0399589369
469.2494457264
364.8284729379
196.9540107795
603.9998236685
1633.0915752242
44.2517551212
1172.1160732387
821.9928633178
119.8252545735
52.1580448497
832.6613370933
2106.8663766356
398.2887528068
134.0482267113
3985.6391114766
503.2188326702
63.8364385492
47.3122138894
488.0402416087
505.9788894808
928.1020435139
1683.6228733109
148.1749687234
446.5295778890
1627.0486179960
25.9260328993
89.2579791104
3843.9304093020
584.8620924467
2700.9659337726
130.6273052030
22.8625516476
152.4535920816
801.7152474131
157.5776577993
1953.4671061166
272.2301099749
974.9101475610
246.6147586936
770.8770395212
96.1952476632
86.4304457724
146.3348833620
37.1298503336
252.2644877171
972.8957281804
454.7133194859
1668.1656120469
118.5295677968
94.9630860734
1027.7547088676
36.8017790039
864.1307398823
3129.2026679812
57.1984301415
135.8667232627
63.2885201372
616.3411548751
2099.5641109069
62.8510123662
736.3070502313
221.3164675051
3189.7429361009
1811.8594026106
327.2963980161
2048.2007349461
3531.2514662545
5444.9495480481
3597.5660110901
5608.3764990506
2363.5932984469
378.0152276042
100.3994564972
5244.2509583786
4216.3366771070
3589.1683858388
2067.2295881928
556.4780522452
539.8845882697
740.6441752897
1704.3569263340
350.9392672761
3461.5834082285
10847.1910407562
3331.2159047567
76.7978196776
5827.0685044739
2956.5363016988
6063.5205721985
534.5556259904
1749.4030612534
1359.8323488568
2250.6245936140
64.2081057626
429.1403949043
6601.1285235615
135.1229821542
227.3341463494
3001.6984159371
3077.8210894441
1073.6438542585
777.8081009578
462.4694289451
2003.7417347753
4911.0854011032
74.1229229400
3301.2216694081
2555.9912583392
264.5653033257
93.2227995344
2540.6090159799
7225.0216627429
923.8962344294
285.8225004856
14141.7175174074
1606.4245191356
95.3058968354
77.3713576696
1435.7561375974
1307.7084894282
2649.4659322965
5081.9710816398
273.4634341516
1014.0828784257
4812.8146179130
49.3284123349
166.8423717151
13329.9298953478
1420.9535358573
8610.9158071188
245.1659241312
36.8701612338
285.2054662644
2463.6334213803
319.9723233664
6585.9447990794
637.6267765060
2726.8023203011
688.5335008979
2544.4257735720
176.6281490790
181.5908634677
333.2702867230
76.7429120578
555.8023817531
2637.5906369146
1130.5791255136
4825.7444961583
201.4908255736
153.5566589811
3142.4536017556
55.3774583199
2336.9521788349
11106.8092625301
96.7595172718
350.4046666473
95.2380277478
1693.2324587243
5383.1436928393
114.3869778055
1697.1095836075
429.8471351457
10398.6071501065
5214.0143712607
802.4496355379
4935.5720489745
9923.1469267665
15387.7071424224
9838.6440078690
18434.3027836256
6865.2835201562
724.4191342967
150.6003664864
16046.2082770968
11362.3266947954
9999.1606580356
5846.3044707616
1515.6470221399
1055.1464764337
1735.5526703395
4764.0588314461
680.9220284512
9128.6584785504
36202.7602221742
10382.2079699491
111.7868753157
17337.4299682089
8047.0021234570
19813.2821629685
1190.7262238252
4557.3772294842
4400.1377833979
5558.2289034620
116.1616405327
977.6437959952
20417.7617939801
261.7935265601
462.9211646395
10113.8802159176
8463.9762719237
2359.5490980457
1592.8266039085
1043.0701849192
6384.9717210525
14185.8948485981
119.2578224579
8930.8142147180
7634.1903336918
561.0863675003
160.0424829055
7445.9406874646
23798.7209580190
2058.5463667453
585.3883261152
48196.8489890452
4925.7919488949
136.6731478992
121.5344687307
4057.1216655097
3246.3982140085
7264.9604157187
14734.3799128236
484.7702778062
2212.1214702104
13674.4553982280
90.1509919188
299.5559580755
44400.9759571521
3316.0310042393
26368.8919920141
441.9758588968
57.1133554543
512.4958233708
7271.8403044550
624.0831985038
21327.6189097530
1434.5286838714
7325.7993765406
1846.4748232195
8066.9016800672
311.5146823928
366.4658723480
729.0505242126
152.3581367739
1176.2428367814
6868.4824117665
2700.0794996009
13409.1665747198
329.0001938863
238.5035189152
9229.1259938189
80.0404509491
6070.6123123503
37866.6807144153
157.2228189372
868.0384511487
137.6601212127
4468.1146108719
14215.8918969784
214.4234115703
4028.9522515183
859.8954500383
34916.1190583295
15454.3684154366
2026.4022078385
12249.9349361291
28721.1288638345
44790.4341448636
27713.6054358499
62409.0511449489
20538.8211028264
1429.8873975720
232.6762218185
50569.9694418017
31537.7400756090
28692.2473658081
17029.6394696892
4251.8644274045
2124.0067048467
4188.8739507920
13715.9214576699
1360.7994058044
24795.3604512170
124450.7121856174
33327.9019127505
167.5961550008
53131.3221585505
22558.8171203653
66683.6404147272
2731.8839053689
12228.4491378907
14664.8792396626
14138.4273234037
216.4546517352
2293.9989155638
65047.3164817933
522.4201178815
970.9138773344
35099.4137704432
23973.7962899592
5341.0802385332
3359.6640099155
2423.1223394169
20955.9580206010
42205.3293732240
197.6298409729
24885.0621783225
23485.3972331317
1225.6256851020
282.9956288295
22476.7035370003
80741.9786055843
4724.2124245676
1234.8750274065
169186.7864078807
15556.9018739262
201.8728571500
196.6301106323
11808.2812644007
8300.8763740744
20518.2101003474
44001.0302419145
885.1237890452
4970.2221340684
40017.7117761725
169.6974002352
553.9631506534
152331.0636678225
7970.5555955049
83169.8134210677
820.6695078425
91.1237581692
948.5366660448
22107.7164707506
1253.7295845401
71137.3962446449
3324.1700632459
20271.5844294714
5100.2681779577
26342.3823414749
565.8853243653
761.7358349328
1642.6686375729
311.5475487582
2563.9224626380
18422.3698073269
6641.7641219416
38376.9587291726
553.3097702208
381.5506829700
27917.9537379971
119.1563913648
16242.2607693087
132970.8574440528
263.1290343450
2214.8246727009
204.9449444026
12144.0439847492
37590.7996577306
402.4733511838
9577.3127019120
1722.4498175848
117394.0464771160
45866.9234907049
5123.9257557754
30443.8364715272
83238.2424896218
130546.7138862010
78166.4025408134
211562.0445545189
61526.4502755470
2826.0710522820
359.9542370791
159581.3996891779
87652.2723394579
82439.4145574737
49670.5296081950
11943.4572324803
4281.2276954405
10123.3930355259
39540.5017151498
2723.0784311440
67437.7706559002
428373.3071129820
107126.1599008262
251.5976598088
163036.8738616736
63323.9275938422
224725.0522153029
6275.9846578643
32854.6690986139
48939.5552980489
36010.9925508395
403.8689103231
5389.8301618434
207500.8828212563
1043.8790815421
2039.0303613790
121969.4969675224
67993.6721404876
12105.9394844832
7095.6552360914
5636.4604475980
68869.2532554929
125732.3879602255
327.9347801981
69431.3673296403
72343.9386566811
2680.7437561811
501.0643298685
67938.3468359275
274292.8399448093
10855.9414900564
2608.3824606569
594680.2966014622
49197.0965314079
298.5671170653
318.5443399897
34413.1683675965
21252.7637030387
58024.9807842899
131571.8979013569
1618.2341219709
11181.8056559375
117263.7496995812
319.8520812004
1025.7773465879
523303.6277924480
19183.5032863457
262669.0392615954
1525.8342490789
145.5777095481
1757.8719200167
67299.6416886199
2521.9389553474
237587.1078565941
7713.0570566999
56168.0931967496
14106.2620344076
86133.6094184584
1029.3134648719
1585.4207933156
3706.0529243830
637.8996102382
5596.0565610427
49476.5620074829
16359.1094009554
109978.7139505994
931.7723881425
611.1938730866
84562.1281384166
177.6210651619
43514.0765817638
467546.7185394525
440.9519602934
5658.6007760312
305.5171429391
33050.0157657825
