10 100 1000
1.4232425477
1.4587468547
1.4988380864
1.4232605904
1.4616348675
1.4896779426
1.4308848629
1.4737913284
1.4757245744
6.5778960564 1.5393071490 4.3707126564 3.6695325734 2.3650352685 2.8394679709 1.3411604400 9.3106822560 6.3826766975 9.5128884762 7.6533007241 3.9582086668 3.5031379898 6.7924186444 7.8444449407 5.6878557364 9.7981075401 6.8324178257 3.5960959401 1.2132399906 8.6224136099 3.9814324534 3.1802408535 5.8538057691 9.1596885194 6.9850541718 3.2350424469 7.1861485486 7.4755199775 6.4725687791 4.4333732850 3.8947329197 4.9812480112 1.0543839379 8.8288006591 1.6298642798 2.7321890255 6.7093026335 2.2737880978 2.8379801149 1.8258345318 6.3336758609 8.4809879076 9.3863142121 3.1267911536 1.7034806224 7.5249019429 3.8031667283 7.4950638918 3.2043246241 2.5879195441 3.2407248745 3.5681760102 5.0344407313 6.7204339490 3.4467470628 8.0316003288 1.7201437470 9.7529968041 4.5842002585 2.5098943430 4.9723846376 5.5476329884 7.6143529408 7.8429201797 8.3764342709 8.1420274104 1.1782996942 4.4327738050 8.6863798927 7.8297249016 9.2937924914 6.3566502544 2.3751883803 7.5398341163 3.3156254994 5.1728611123 5.0824279528 4.3763219644 6.4542282099 1.6474568471 2.2299071434 5.2233263311 2.3925201017 2.7066323313 1.1155084502 5.5062982781 7.5281083835 5.4230834591 9.3312196414 9.4625648674 9.7344337305 4.3583040793 5.4059600291 6.7694384969 6.2947810489 4.6790882644 1.3494420792 9.2944292361 4.4634341031
16.7752139464 2.7865306463 10.0202235743 7.0890050081 7.6688693245 8.1275365854 3.2706307987 22.3162240695 17.8401233156 26.7403253303 20.8185023078 12.9408400763 10.1208549602 12.9473024287 11.7039138160 17.3105856249 26.2632471600 18.9329530867 10.1157529834 3.2867825794 16.7615780519 9.2798673364 8.8420060439 11.2973857151 24.0263109574 23.1882728830 10.0286195331 10.4042875377 22.1233164539 17.5227313759 14.4092075871 8.6292077370 12.9073619982 3.3935473882 21.6874908204 2.9329087422 6.1910772611 20.6415143202 4.3818136090 5.7481215240 6.1190837234 17.3245167336 18.5391342471 19.1190080576 7.0146112265 5.3991906244 21.6199320241 6.0863080888 20.1681441256 9.5195047654 5.4591097928 5.5338773730 10.4016499823 16.4945292298 14.8939195143 7.0215224124 27.2265620697 5.2463191976 13.9115568840 7.1623750663 7.0545126883 12.2780611713 15.1306248624 21.9587142188 13.8289353195 18.1747704668 23.0100570064 2.1419205916 7.9162847418 28.7791325186 18.1743730358 28.3080359824 11.3983237339 3.6596110340 13.4762328275 9.7343721588 10.0354100616 16.3707940782 9.7932351908 17.2472521391 4.3944708832 7.0319858079 9.1630486314 4.8025220478 5.8893114999 2.2027969769 11.5907236355 19.4990516751 12.8823800125 25.7899264165 15.3682344175 15.0387264156 12.7316138415 7.7718349203 17.4907949671 21.3463085067 7.5623600815 3.3250452472 13.3627150900 11.7152369211
43.8480357523 5.1701527627 23.5452649620 14.0365647487 25.4874312777 23.8441533462 8.1749164680 54.8227649478 51.1085866949 77.0410125783 58.0431804700 43.3637936566 29.9694085216 25.2950273836 17.8978566494 53.9977871371 72.1532094877 53.7728821468 29.1652817293 9.1263317162 33.3965780796 22.1689537500 25.1966391763 22.3469686235 64.5943445680 78.8983717689 31.8642236308 15.4393678927 67.1058019669 48.6214545143 48.0006270123 19.5958984942 34.2797644953 11.1946383781 54.6031779314 5.4093698050 14.3788025235 65.0888716295 8.6548356450 11.9328326085 21.0190163688 48.5699255950 41.5368414538 39.9150463828 16.1290709206 17.5396587067 63.6661836180 9.9830561607 55.6234019923 28.9863290659 11.8030406132 9.6854078631 31.0784403812 55.3897788886 33.8315349522 14.6606819719 94.5985625423 16.4000697118 20.3382885261 11.4696866210 20.3226160543 31.0739085811 42.2967520974 64.9055484532 24.9919826000 40.4184540875 66.6505662279 3.9907266498 14.4899957288 97.7276809338 43.2387755121 88.3746121134 20.9485839899 5.7792676887 24.6874500566 29.2921625191 19.9544812618 54.0467115608 22.4617773367 47.2385460206 12.0143463893 22.7284702619 16.4753192045 9.8806190094 13.1341145759 4.4583801171 25.0070453809 51.7657048184 31.3651189041 73.0571637869 25.5823300236 23.8129082538 38.1197814317 11.4518412355 46.3198842097 74.1935153913 12.5272135663 8.3973428447 19.6909970243 31.5162138471
117.7624971276 9.8563862594 56.8466059369 28.5569072596 87.0353310635 71.8752994178 20.9947115866 138.3808342337 150.4404690320 228.0615467184 166.2752876126 149.3024229781 91.1830111796 50.7768555450 28.1219688701 173.0672736211 203.6749764372 156.9217194164 86.3990413548 26.0373218409 68.3697235181 54.4155990555 73.7749992512 45.4186341065 178.4336197320 275.8306142188 104.0256205234 23.5408138505 209.1436570829 138.6209521751 164.2965751233 45.7229481961 93.5433580853 37.9438161714 141.2541832945 10.2510790488 34.3126296076 210.8854991339 17.5646110752 25.4528221750 74.1844991627 139.9099286514 95.6207786612 85.6214755475 38.1056947982 58.5448103534 192.6362868241 16.8247214827 157.6245813030 90.6873827768 26.2204874856 17.4173101134 95.4093604550 191.1147143767 78.9603727298 31.4522592633 337.7155484760 52.6758394519 30.5511709197 18.8721262062 60.1543437584 80.8047260570 121.4876030403 197.1203806400 46.4074239790 92.3560287611 198.3648780402 7.6396838030 27.2514675861 340.9826447163 105.6968690655 283.4784764058 39.5588032556 9.3774656309 46.4685103817 90.5669436147 40.7681072788 183.3342436970 52.9342590828 132.9376259628 33.7495894724 75.4809252510 30.4370439523 20.8868874847 30.0962137658 9.2715960611 55.4356317631 141.2035321244 78.4643819167 212.6426132162 43.7553342409 38.7425860522 117.2714064161 17.3381141247 126.0376128013 264.9621895262 21.3219243437 21.7901890260 29.8136735594 87.1147689252
300.3264434250 17.8427486493 130.3272410761 55.1685046805 282.2245617082 205.7345028094 51.1995573144 331.6810484641 420.4992153597 641.0794451026 452.3076339271 488.1307265432 263.4385892923 96.7890340407 41.9585165061 526.7246528888 545.9456366406 434.8430221331 243.0420251981 70.5384766444 132.9093032232 126.8327286133 205.1188224044 87.6555104843 468.0460446071 915.6860460087 322.4831241941 34.0834174913 618.9549329818 375.2835364210 533.9982258094 101.3054882799 242.3917237268 122.1241769794 346.9879724053 18.4468491501 77.7526122793 648.8082997375 33.8491645799 51.5534865698 248.6243458216 382.7007698573 209.0262295984 174.4048192328 85.4870088741 185.5604309159 553.4738201031 26.9253871621 424.1505636308 269.4202423277 55.3117406421 29.7422595138 278.1329594431 626.1643295985 174.9952985059 64.0736146220 1144.8465474767 160.6596958182 43.5783737703 29.4862685159 169.0768227627 199.5296058368 331.3497222796 568.4744340282 81.8283733129 200.3920581189 560.6030028264 13.8876412989 48.6677465146 1129.7351996566 245.3468932571 863.4602772326 70.9351221450 14.4486694331 83.0559922285 265.8996050572 79.0915997254 590.5376775240 118.4566000600 355.2458552060 90.0257076163 238.0312227423 53.3950268223 41.9269243461 65.4866280749 18.3088731259 116.6931394678 365.7452488573 186.3922632054 587.7159771997 71.0643221716 59.8541789512 342.5812338233 24.9263161988 325.6586187311 898.5278912827 34.4610113178 53.6920287877 42.8640281104 228.6542316257
786.5649870518 33.1711303689 306.8459065178 109.4525098711 939.8282591551 604.7683663382 128.2262582981 816.4316667854 1207.0358557639 1850.6577482243 1263.5563023093 1638.9281216262 781.6265891554 189.4702285086 64.2908247274 1646.2917794251 1502.8498574249 1237.4749696092 702.1150745706 196.2502921564 265.3391962912 303.5943796808 585.6744600900 173.7316113808 1260.8253835570 3121.8008621243 1026.6635434543 50.6779765254 1881.1690713939 1043.3850694687 1782.4017027734 230.5081010969 645.0258033034 403.6609730918 875.3505206491 34.0901789265 180.9382753561 2049.9371515795 66.9902874979 107.2345197724 855.7139428740 1075.0399589528 469.2494457333 364.8284729457 196.9540107863 603.9998236165 1633.0915752353 44.2517551220 1172.1160732311 821.9928633867 119.8252545832 52.1580448529 832.6613371608 2106.8663766545 398.2887528015 134.0482267109 3985.6391115976 503.2188326467 63.8364385507 47.3122138897 488.0402416085 505.9788894731 928.1020434979 1683.6228733427 148.1749687247 446.5295778956 1627.0486180307 25.9260329018 89.2579791133 3843.9304093104 584.8620924610 2700.9659337808 130.6273052071 22.8625516494 152.4535920872 801.7152474764 157.5776578043 1953.4671061458 272.2301099757 974.9101475828 246.6147586814 770.8770395660 96.1952476666 86.4304457747 146.3348833663 37.1298503296 252.2644877291 972.8957282055 454.7133194844 1668.1656120597 118.5295677988 94.9630860733 1027.7547088730 36.8017790038 864.1307398999 3129.2026680268 57.1984301387 135.8667232824 63.2885201387 616.3411549137
2099.5641109069 62.8510123648 736.3070501947 221.3164675154 3189.7429358836 1811.8594028231 327.2963980141 2048.2007350011 3531.2514663341 5444.9495481715 3597.5660110436 5608.3764990612 2363.5932985383 378.0152275930 100.3994565011 5244.2509586513 4216.3366771831 3589.1683858680 2067.2295880937 556.4780522335 539.8845882773 740.6441752695 1704.3569262974 350.9392672750 3461.5834083606 10847.1910409955 3331.2159046555 76.7978196773 5827.0685044595 2956.5363017715 6063.5205720246 534.5556259890 1749.4030613054 1359.8323490102 2250.6245937210 64.2081057607 429.1403949054 6601.1285239029 135.1229821417 227.3341463637 3001.6984158312 3077.8210895008 1073.6438542776 777.8081009788 462.4694289646 2003.7417345604 4911.0854011434 74.1229229417 3301.2216693819 2555.9912586048 264.5653033522 93.2227995413 2540.6090162352 7225.0216628193 923.8962344147 285.8225004847 14141.7175179494 1606.4245190425 95.3058968382 77.3713576701 1435.7561375990 1307.7084894042 2649.4659322415 5081.9710817632 273.4634341547 1014.0828784441 4812.8146180405 49.3284123407 166.8423717215 13329.9298953814 1420.9535359004 8610.9158071543 245.1659241407 36.8701612372 285.2054662774 2463.6334216211 319.9723233787 6585.9447992029 637.6267765087 2726.8023203761 688.5335008559 2544.4257737591 176.6281490869 181.5908634736 333.2702867351 76.7429120473 555.8023817857 2637.5906370001 1130.5791255084 4825.7444962038 201.4908255781 153.5566589808 3142.4536017787 55.3774583198 2336.9521788951 11106.8092627342 96.7595172661 350.4046667107 95.2380277508 1693.2324588567
5383.1436928393 114.3869778021 1697.1095835078 429.8471351702 10398.6071492680 5214.0143719890 802.4496355311 4935.5720491350 9923.1469270359 15387.7071428406 9838.6440077183 18434.3027836782 6865.2835204804 724.4191342713 150.6003664934 16046.2082781021 11362.3266950410 9999.1606581350 5846.3044704301 1515.6470220978 1055.1464764521 1735.5526702837 4764.0588313254 680.9220284488 9128.6584789673 36202.7602231393 10382.2079695635 111.7868753154 17337.4299681637 8047.0021236950 19813.2821622961 1190.7262238217 4557.3772296456 4400.1377839964 5558.2289037784 116.1616405288 977.6437959991 20417.7617952469 261.7935265314 462.9211646742 10113.8802155033 8463.9762721106 2359.5490980953 1592.8266039607 1043.0701849713 6384.9717202326 14185.8948487339 119.2578224611 8930.8142146345 7634.1903346383 561.0863675670 160.0424829195 7445.9406883575 23798.7209583099 2058.5463667074 585.3883261131 48196.8489912778 4925.7919485540 136.6731479040 121.5344687315 4057.1216655204 3246.3982139390 7264.9604155428 14734.3799132616 484.7702778133 2212.1214702584 13674.4553986613 90.1509919315 299.5559580891 44400.9759572814 3316.0310043592 26368.8919921526 441.9758589172 57.1133554604 512.4958233991 7271.8403053018 624.0831985322 21327.6189102345 1434.5286838792 7325.7993767800 1846.4748230849 8066.9016807855 311.5146824095 366.4658723619 729.0505242443 152.3581367491 1176.2428368638 6868.4824120353 2700.0794995848 13409.1665748698 329.0001938953 238.5035189146 9229.1259939069 80.0404509489 6070.6123125401 37866.6807152563 157.2228189262 868.0384513372 137.6601212179 4468.1146112917
14215.8918969784 214.4234115624 4028.9522512452 859.8954500963 34916.1190550766 15454.3684179413 2026.4022078166 12249.9349365961 28721.1288647458 44790.4341462828 27713.6054353588 62409.0511451858 20538.8211039713 1429.8873975144 232.6762218312 50569.9694455083 31537.7400764026 28692.2473661438 17029.6394685738 4251.8644272575 2124.0067048909 4188.8739506365 13715.9214572693 1360.7994057985 24795.3604525355 124450.7121895054 33327.9019112867 167.5961550002 53131.3221584035 22558.8171211440 66683.6404121126 2731.8839053591 12228.4491383937 14664.8792419981 14138.4273243409 216.4546517269 2293.9989155762 65047.3164864985 522.4201178154 970.9138774185 35099.4137688049 23973.7962905761 5341.0802386630 3359.6640100447 2423.1223395568 20955.9580174669 42205.3293736861 197.6298409792 24885.0621780538 23485.3972365145 1225.6256852711 282.9956288581 22476.7035401323 80741.9786067036 4724.2124244685 1234.8750274016 169186.7864170675 15556.9018726742 201.8728571584 196.6301106336 11808.2812644501 8300.8763738708 20518.2100997795 44001.0302434608 885.1237890608 4970.2221341936 40017.7117776474 169.6974002629 553.9631506823 152331.0636683230 7970.5555958397 83169.8134215966 820.6695078866 91.1237581805 948.5366661060 22107.7164737384 1253.7295846061 71137.3962465218 3324.1700632681 20271.5844302381 5100.2681775255 26342.3823442283 565.8853244004 761.7358349661 1642.6686376564 311.5475486992 2563.9224628470 18422.3698081710 6641.7641218930 38376.9587296694 553.3097702387 381.5506829690 27917.9537383240 119.1563913645 16242.2607699053 132970.8574475137 263.1290343239 2214.8246732616 204.9449444117 12144.0439860807
37590.7996577308 402.4733511662 9577.3127011759 1722.4498177190 117394.0464647098 45866.9234991657 5123.9257557083 30443.8364728592 83238.2424926453 130546.7138909283 78166.4025392413 211562.0445555247 61526.4502795029 2826.0710521530 359.9542371016 159581.3997025757 87652.2723419760 82439.4145585847 49670.5296045051 11943.4572319863 4281.2276955439 10123.3930351007 39540.5017138424 2723.0784311305 67437.7706599933 428373.3071283349 107126.1598953962 251.5976598079 163036.8738611999 63323.9275963421 224725.0522053103 6275.9846578386 32854.6691001529 48939.5553069806 36010.9925535646 403.8689103059 5389.8301618798 207500.8828384066 1043.8790813923 2039.0303615798 121969.4969611354 67993.6721424865 12105.9394848170 7095.6552364048 5636.4604479675 68869.2532437373 125732.3879617768 327.9347802100 69431.3673287919 72343.9386685542 2680.7437566020 501.0643299258 67938.3468467149 274292.8399490652 10855.9414898013 2608.3824606453 594680.2966385079 49197.0965268945 298.5671170794 318.5443399919 34413.1683677938 21252.7637024515 58024.9807824836 131571.8979066960 1618.2341220043 11181.8056562585 117263.7497045109 319.8520812595 1025.7773466483 523303.6277943703 19183.5032872631 262669.0392635606 1525.8342491723 145.5777095686 1757.8719201465 67299.6416989747 2521.9389554982 237587.1078637706 7713.0570567610 56168.0931991637 14106.2620330454 86133.6094287966 1029.3134649446 1585.4207933942 3706.0529245982 637.8996101004 5596.0565615626 49476.5620100810 16359.1094008132 109978.7139522176 931.7723881772 611.1938730849 84562.1281395912 177.6210651613 43514.0765836008 467546.7185534128 440.9519602532 5658.6007776680 305.5171429547 33050.0157699255
1 1
2 1
3 1
4 1
5 1
6 1
7 1
8 1
9 1
10 1
11 1
12 1
13 1
14 1
15 1
16 1
17 1
18 1
19 1
20 1
21 1
22 1
23 1
24 1
25 1
26 1
27 1
28 1
29 1
30 1
31 1
32 1
33 1
34 1
35 1
36 1
37 1
38 1
39 1
40 1
41 1
42 1
43 1
44 1
45 1
46 1
47 1
48 1
49 1
50 1
51 1
52 1
53 1
54 1
55 1
56 1
57 1
58 1
59 1
60 1
61 1
62 1
63 1
64 1
65 1
66 1
67 1
68 1
69 1
70 1
71 1
72 1
73 1
74 1
75 1
76 1
77 1
78 1
79 1
80 1
81 1
82 1
83 1
84 1
85 1
86 1
87 1
88 1
89 1
90 1
91 1
92 1
93 1
94 1
95 1
96 1
97 1
98 1
99 1
100 1
1 2
2 2
3 2
4 2
5 2
6 2
7 2
8 2
9 2
10 2
11 2
12 2
13 2
14 2
15 2
16 2
17 2
18 2
19 2
20 2
21 2
22 2
23 2
24 2
25 2
26 2
27 2
28 2
29 2
30 2
31 2
32 2
33 2
34 2
35 2
36 2
37 2
38 2
39 2
40 2
41 2
42 2
43 2
44 2
45 2
46 2
47 2
48 2
49 2
50 2
51 2
52 2
53 2
54 2
55 2
56 2
57 2
58 2
59 2
60 2
61 2
62 2
63 2
64 2
65 2
66 2
67 2
68 2
69 2
70 2
71 2
72 2
73 2
74 2
75 2
76 2
77 2
78 2
79 2
80 2
81 2
82 2
83 2
84 2
85 2
86 2
87 2
88 2
89 2
90 2
91 2
92 2
93 2
94 2
95 2
96 2
97 2
98 2
99 2
100 2
1 3
2 3
3 3
4 3
5 3
6 3
7 3
8 3
9 3
10 3
11 3
12 3
13 3
14 3
15 3
16 3
17 3
18 3
19 3
20 3
21 3
22 3
23 3
24 3
25 3
26 3
27 3
28 3
29 3
30 3
31 3
32 3
33 3
34 3
35 3
36 3
37 3
38 3
39 3
40 3
41 3
42 3
43 3
44 3
45 3
46 3
47 3
48 3
49 3
50 3
51 3
52 3
53 3
54 3
55 3
56 3
57 3
58 3
59 3
60 3
61 3
62 3
63 3
64 3
65 3
66 3
67 3
68 3
69 3
70 3
71 3
72 3
73 3
74 3
75 3
76 3
77 3
78 3
79 3
80 3
81 3
82 3
83 3
84 3
85 3
86 3
87 3
88 3
89 3
90 3
91 3
92 3
93 3
94 3
95 3
96 3
97 3
98 3
99 3
100 3
1 4
2 4
3 4
4 4
5 4
6 4
7 4
8 4
9 4
10 4
11 4
12 4
13 4
14 4
15 4
16 4
17 4
18 4
19 4
20 4
21 4
22 4
23 4
24 4
25 4
26 4
27 4
28 4
29 4
30 4
31 4
32 4
33 4
34 4
35 4
36 4
37 4
38 4
39 4
40 4
41 4
42 4
43 4
44 4
45 4
46 4
47 4
48 4
49 4
50 4
51 4
52 4
53 4
54 4
55 4
56 4
57 4
58 4
59 4
60 4
61 4
62 4
63 4
64 4
65 4
66 4
67 4
68 4
69 4
70 4
71 4
72 4
73 4
74 4
75 4
76 4
77 4
78 4
79 4
80 4
81 4
82 4
83 4
84 4
85 4
86 4
87 4
88 4
89 4
90 4
91 4
92 4
93 4
94 4
95 4
96 4
97 4
98 4
99 4
100 4
1 5
2 5
3 5
4 5
5 5
6 5
7 5
8 5
9 5
10 5
11 5
12 5
13 5
14 5
15 5
16 5
17 5
18 5
19 5
20 5
21 5
22 5
23 5
24 5
25 5
26 5
27 5
28 5
29 5
30 5
31 5
32 5
33 5
34 5
35 5
36 5
37 5
38 5
39 5
40 5
41 5
42 5
43 5
44 5
45 5
46 5
47 5
48 5
49 5
50 5
51 5
52 5
53 5
54 5
55 5
56 5
57 5
58 5
59 5
60 5
61 5
62 5
63 5
64 5
65 5
66 5
67 5
68 5
69 5
70 5
71 5
72 5
73 5
74 5
75 5
76 5
77 5
78 5
79 5
80 5
81 5
82 5
83 5
84 5
85 5
86 5
87 5
88 5
89 5
90 5
91 5
92 5
93 5
94 5
95 5
96 5
97 5
98 5
99 5
100 5
1 6
2 6
3 6
4 6
5 6
6 6
7 6
8 6
9 6
10 6
11 6
12 6
13 6
14 6
15 6
16 6
17 6
18 6
19 6
20 6
21 6
22 6
23 6
24 6
25 6
26 6
27 6
28 6
29 6
30 6
31 6
32 6
33 6
34 6
35 6
36 6
37 6
38 6
39 6
40 6
41 6
42 6
43 6
44 6
45 6
46 6
47 6
48 6
49 6
50 6
51 6
52 6
53 6
54 6
55 6
56 6
57 6
58 6
59 6
60 6
61 6
62 6
63 6
64 6
65 6
66 6
67 6
68 6
69 6
70 6
71 6
72 6
73 6
74 6
75 6
76 6
77 6
78 6
79 6
80 6
81 6
82 6
83 6
84 6
85 6
86 6
87 6
88 6
89 6
90 6
91 6
92 6
93 6
94 6
95 6
96 6
97 6
98 6
99 6
100 6
1 7
2 7
3 7
4 7
5 7
6 7
7 7
8 7
9 7
10 7
11 7
12 7
13 7
14 7
15 7
16 7
17 7
18 7
19 7
20 7
21 7
22 7
23 7
24 7
25 7
26 7
27 7
28 7
29 7
30 7
31 7
32 7
33 7
34 7
35 7
36 7
37 7
38 7
39 7
40 7
41 7
42 7
43 7
44 7
45 7
46 7
47 7
48 7
49 7
50 7
51 7
52 7
53 7
54 7
55 7
56 7
57 7
58 7
59 7
60 7
61 7
62 7
63 7
64 7
65 7
66 7
67 7
68 7
69 7
70 7
71 7
72 7
73 7
74 7
75 7
76 7
77 7
78 7
79 7
80 7
81 7
82 7
83 7
84 7
85 7
86 7
87 7
88 7
89 7
90 7
91 7
92 7
93 7
94 7
95 7
96 7
97 7
98 7
99 7
100 7
1 8
2 8
3 8
4 8
5 8
6 8
7 8
8 8
9 8
10 8
11 8
12 8
13 8
14 8
15 8
16 8
17 8
18 8
19 8
20 8
21 8
22 8
23 8
24 8
25 8
26 8
27 8
28 8
29 8
30 8
31 8
32 8
33 8
34 8
35 8
36 8
37 8
38 8
39 8
40 8
41 8
42 8
43 8
44 8
45 8
46 8
47 8
48 8
49 8
50 8
51 8
52 8
53 8
54 8
55 8
56 8
57 8
58 8
59 8
60 8
61 8
62 8
63 8
64 8
65 8
66 8
67 8
68 8
69 8
70 8
71 8
72 8
73 8
74 8
75 8
76 8
77 8
78 8
79 8
80 8
81 8
82 8
83 8
84 8
85 8
86 8
87 8
88 8
89 8
90 8
91 8
92 8
93 8
94 8
95 8
96 8
97 8
98 8
99 8
100 8
1 9
2 9
3 9
4 9
5 9
6 9
7 9
8 9
9 9
10 9
11 9
12 9
13 9
14 9
15 9
16 9
17 9
18 9
19 9
20 9
21 9
22 9
23 9
24 9
25 9
26 9
27 9
28 9
29 9
30 9
31 9
32 9
33 9
34 9
35 9
36 9
37 9
38 9
39 9
40 9
41 9
42 9
43 9
44 9
45 9
46 9
47 9
48 9
49 9
50 9
51 9
52 9
53 9
54 9
55 9
56 9
57 9
58 9
59 9
60 9
61 9
62 9
63 9
64 9
65 9
66 9
67 9
68 9
69 9
70 9
71 9
72 9
73 9
74 9
75 9
76 9
77 9
78 9
79 9
80 9
81 9
82 9
83 9
84 9
85 9
86 9
87 9
88 9
89 9
90 9
91 9
92 9
93 9
94 9
95 9
96 9
97 9
98 9
99 9
100 9
1 10
2 10
3 10
4 10
5 10
6 10
7 10
8 10
9 10
10 10
11 10
12 10
13 10
14 10
15 10
16 10
17 10
18 10
19 10
20 10
21 10
22 10
23 10
24 10
25 10
26 10
27 10
28 10
29 10
30 10
31 10
32 10
33 10
34 10
35 10
36 10
37 10
38 10
39 10
40 10
41 10
42 10
43 10
44 10
45 10
46 10
47 10
48 10
49 10
50 10
51 10
52 10
53 10
54 10
55 10
56 10
57 10
58 10
59 10
60 10
61 10
62 10
63 10
64 10
65 10
66 10
67 10
68 10
69 10
70 10
71 10
72 10
73 10
74 10
75 10
76 10
77 10
78 10
79 10
80 10
81 10
82 10
83 10
84 10
85 10
86 10
87 10
88 10
89 10
90 10
91 10
92 10
93 10
94 10
95 10
96 10
97 10
98 10
99 10
100 10
